[[7.335567   4.87074995]
 [4.87074995 6.91500711]]
[[7.81152391 5.6915803 ]
 [5.6915803  8.07467794]]
[[5.3630197  3.42389488]
 [3.42389488 6.01581478]]
[[5.16045308 2.56182647]
 [2.56182647 4.50495982]]
[[5.09213543 2.66854239]
 [2.66854239 4.75555182]]
[[3.10600203 1.4037354 ]
 [1.4037354  4.55194902]]
[[ 2.29811085 -0.21400046]
 [-0.21400046  3.20188922]]
[[ 2.26617556 -0.23784667]
 [-0.23784667  5.74731588]]
[[ 3.93635678 -2.02314138]
 [-2.02314138  4.6771853 ]]
[[ 2.37929834 -0.79689187]
 [-0.79689187  7.16140652]]
[[ 2.39539149 -0.71832579]
 [-0.71832579  5.79898286]]
[[ 2.63004741 -1.61139643]
 [-1.61139643  9.08230114]]
[[ 3.85923874 -2.50114393]
 [-2.50114393  6.13737941]]
[[ 2.3335006  -0.74150634]
 [-0.74150634  8.83476353]]
[[ 2.46491279 -1.03340721]
 [-1.03340721  7.2191329 ]]
[[ 2.47670302 -1.06986797]
 [-1.06986797  7.29897308]]
[[ 2.99866784 -1.78979623]
 [-1.78979623  6.52876043]]
[[ 2.3458874  -0.65928686]
 [-0.65928686  6.78301668]]
[[2.27608035 0.33001029]
 [0.33001029 6.42581844]]
